10,303
10,259
10,22
10,225
10,257
10,69
10,296
10,72
11,30
11,9
11,16
11,26
11,27
8,14
8,8
34,3
34,2
34,1
34,0
33,3
33,2
33,1
33,0
20,3
20,2
20,1
19,2
19,3
19,1
12,3
12,2
12,1
11,28
11,23
11,22
11,15
11,8
11,7
11,5
11,3
11,2
11,1
10,309
10,279
10,216
10,206
10,147
10,146
10,135
10,11
10,3
10,2
10,1
9,7
9,6
9,4
9,3
18,1
9,2
18,3
9,1
8,18
8,16
8,13
14,1
8,10
8,7
14,3
8,6
8,3
13,1
8,2
13,3
8,1
3,3
3,2
3,1
2,2
2,3
2,1
0,472
0,243
0,0
36,34
36,33
36,32
36,31
36,30
36,29
36,28
36,27
36,26
36,25
36,24
36,23
